0: Scratch pad
      1   2       4   5   6   7   8
 10  11  12  13  14  15  16  17  18  19
 20  21  22  23  24  25  26  27  28  29
 30  31  32  33  34  35  36  37  38  39
 40  41  42  43  44  45  46  47  48  49
 50  51  52  53  54      56      58  59
 60          63                     
                 74                  
                         86          89
 90          93  94      96      98  99
100 101                  
        112         115             119
    121 122 123 124 125             129
                            137

150         153
                    165 166 167 168
170 171 172

1: Particle
      1
             13                  18  19
 20  21  22  23  24  25  26  27  28  29
 30  31  32  33  34  35  36
                     45
                                168
170 171 172

2: UI
      1
             13  14      16  17
                     35  36          39
 40  41      43  44  45      47      49
 50          
     61  62      64  65  66  67  68  69
 70  71  72  73  74  75  76  77  78  79
 80  81  82      84  85  86  87  88
 90      92      94  95              99
    101
110 111     113 114     116 117 118
120 121 122 123 124     126 127 128
130 131 132 133 134 135 136 137 138 139
140 141 142 143 144 145 146 147 148 149
    151 152     154 155 156 157 158 159
160 161 162 163 164
            173 174

3: Layout
      1   2       4   5   6   7   8
 10  11  12  13  14  15  16  17
                     35  36  37  38  39
 40  41  42  43  44  45  46  47  48  49
 50  51  52  53  54      56      58  59
 60          63
                         86          89
 90          93  94      96      98  99
100 101
        112         115             119
    121 122 123 124 125             129
                            137
150         153
                    165 166 167
